P 0 3 3 42 93 32 0
P 1 6 2 42 93 1
P 2 3 11 42 87 25 39 21 30 71 63 74 15 95 2
P 3 2 10 42 87 25 39 21 30 71 63 74 15 3
P 4 3 6 42 93 75 20 78 83 4
P 5 3 7 42 87 25 39 21 30 59 5
P 6 2 7 42 60 88 40 19 33 41 6
P 7 6 3 42 87 25 7
P 8 2 6 42 93 75 20 78 83 8
P 9 2 8 42 60 88 40 19 33 41 6 9
P 10 3 5 42 93 75 20 78 10
P 11 3 6 42 87 25 39 21 89 11
P 12 2 10 42 60 88 40 19 33 41 86 23 64 12
P 13 2 3 42 93 75 13
P 14 2 9 42 87 25 39 21 30 71 63 43 14
P 15 2 9 42 87 25 39 21 30 71 63 74 15
P 16 3 10 42 87 25 39 21 30 71 63 74 17 16
P 17 2 9 42 87 25 39 21 30 71 63 74 17
P 18 3 9 42 60 88 40 19 33 41 86 72 18
P 19 2 4 42 60 88 40 19
P 20 2 3 42 93 75 20
P 21 2 4 42 87 25 39 21
P 22 6 2 42 93 22
P 23 2 8 42 60 88 40 19 33 41 86 23
P 24 2 2 42 93 24
P 25 2 2 42 87 25
P 26 3 3 42 87 25 26
P 27 2 7 42 87 25 39 21 30 71 27
P 28 3 1 42 28
P 29 3 10 42 87 25 39 21 30 71 63 74 17 29
P 30 2 5 42 87 25 39 21 30
P 31 2 8 42 60 88 40 19 33 41 6 31
P 32 3 2 42 93 32
P 33 2 5 42 60 88 40 19 33
P 34 2 10 42 60 88 40 19 33 41 86 23 85 34
P 35 2 10 42 87 25 39 21 30 71 63 74 15 35
P 36 2 3 42 93 24 36
P 37 4 4 42 93 75 96 37
P 38 2 4 42 93 75 20 38
P 39 2 3 42 87 25 39
P 40 2 3 42 60 88 40
P 41 2 6 42 60 88 40 19 33 41
P 42 0 0 42
P 43 2 8 42 87 25 39 21 30 71 63 43
P 44 5 6 42 60 88 40 19 33 44
P 45 4 6 42 93 75 20 77 57 45
P 46 2 11 42 60 88 40 19 33 41 86 23 64 12 46
P 47 3 12 42 60 88 40 19 33 41 86 23 64 12 46 47
P 48 3 4 42 93 32 0 48
P 49 2 10 42 60 88 40 19 33 41 86 23 85 49
P 50 3 5 42 93 32 0 48 50
P 51 2 11 42 87 25 39 21 30 71 63 74 17 69 51
P 52 2 8 42 93 75 20 78 83 8 82 52
P 53 6 8 42 60 88 40 19 33 41 6 53
P 54 2 3 42 87 25 54
P 55 8 4 42 87 25 26 55
P 56 2 6 42 87 25 39 21 30 56
P 57 3 5 42 93 75 20 77 57
P 58 3 1 42 58
P 59 2 6 42 87 25 39 21 30 59
P 60 0 1 42 60
P 61 3 3 42 87 66 61
P 62 5 10 42 60 88 40 19 33 41 86 72 18 62
P 63 2 7 42 87 25 39 21 30 71 63
P 64 2 9 42 60 88 40 19 33 41 86 23 64
P 65 7 5 42 93 75 20 78 65
P 66 3 2 42 87 66
P 67 3 8 42 87 25 39 21 30 59 5 67
P 68 2 9 42 60 88 40 19 33 41 86 23 68
P 69 2 10 42 87 25 39 21 30 71 63 74 17 69
P 70 3 12 42 87 25 39 21 30 71 63 74 17 69 98 70
P 71 2 6 42 87 25 39 21 30 71
P 72 2 8 42 60 88 40 19 33 41 86 72
P 73 3 7 42 87 25 39 21 30 71 73
P 74 2 8 42 87 25 39 21 30 71 63 74
P 75 2 2 42 93 75
P 76 3 7 42 87 25 39 21 30 59 76
P 77 2 4 42 93 75 20 77
P 78 2 4 42 93 75 20 78
P 79 8 4 42 87 25 7 79
P 80 4 9 42 87 25 39 21 30 71 63 74 80
P 81 2 9 42 87 25 39 21 30 71 63 74 81
P 82 2 7 42 93 75 20 78 83 8 82
P 83 2 5 42 93 75 20 78 83
P 84 4 5 42 93 24 36 90 84
P 85 2 9 42 60 88 40 19 33 41 86 23 85
P 86 2 7 42 60 88 40 19 33 41 86
P 87 2 1 42 87
P 88 2 2 42 60 88
P 89 3 5 42 87 25 39 21 89
P 90 2 4 42 93 24 36 90
P 91 2 5 42 93 75 20 78 91
P 92 2 11 42 87 25 39 21 30 71 63 74 15 35 92
P 93 2 1 42 93
P 94 5 7 42 93 75 20 78 83 4 94
P 95 3 10 42 87 25 39 21 30 71 63 74 15 95
P 96 2 3 42 93 75 96
P 97 2 11 42 87 25 39 21 30 71 63 74 17 69 97
P 98 2 11 42 87 25 39 21 30 71 63 74 17 69 98
P 99 13 8 42 93 75 20 78 83 4 94 99
