P 0 5 11 153 275 620 701 163 141 929 231 790 575 555 0
P 1 4 7 153 720 9 886 979 583 25 1
P 2 3 18 153 275 620 701 613 220 485 192 247 669 667 499 304 123 938 913 528 50 2
P 3 6 8 153 554 920 142 940 908 957 836 3
P 4 4 6 153 275 620 701 165 695 4
P 5 3 8 153 275 620 701 163 141 929 480 5
P 6 3 19 153 275 620 701 613 220 485 192 247 669 667 499 304 123 938 913 408 125 170 6
P 7 2 3 153 554 920 7
P 8 3 2 153 742 8
P 9 2 2 153 720 9
P 10 3 11 153 275 620 701 163 141 929 480 5 930 253 10
P 11 4 13 153 275 620 701 163 141 929 231 790 575 20 148 21 11
P 12 6 21 153 275 620 701 613 220 485 192 247 669 667 499 304 123 938 913 408 125 170 6 119 12
P 13 4 3 153 720 126 13
P 14 4 10 153 275 620 701 163 141 929 402 835 728 14
P 15 3 9 153 275 620 701 613 220 485 192 247 15
P 16 5 10 153 275 620 701 163 141 929 584 494 882 16
P 17 6 6 153 275 440 425 848 468 17
P 18 5 6 153 720 126 77 643 873 18
P 19 3 8 153 275 620 701 163 141 929 386 19
P 20 3 10 153 275 620 701 163 141 929 231 790 575 20
P 21 3 12 153 275 620 701 163 141 929 231 790 575 20 148 21
P 22 3 7 153 554 646 617 58 723 614 22
P 23 4 3 153 275 620 23
P 24 3 9 153 275 620 701 163 141 929 231 804 24
P 25 4 6 153 720 9 886 979 583 25
P 26 4 9 153 275 620 701 244 470 342 80 749 26
P 27 5 9 153 275 131 768 939 64 899 237 487 27
P 28 5 7 153 275 620 701 163 39 698 28
P 29 4 11 153 275 620 701 163 141 929 402 835 183 484 29
P 30 4 7 153 720 9 886 282 776 571 30
P 31 3 7 153 275 620 701 163 673 106 31
P 32 3 4 153 742 8 54 32
P 33 3 8 153 275 131 768 679 189 834 295 33
P 34 4 11 153 275 620 701 163 141 929 480 569 789 341 34
P 35 6 12 153 275 620 701 613 220 485 192 247 15 450 197 35
P 36 4 2 153 742 36
P 37 3 9 153 275 620 701 163 141 929 480 569 37
P 38 4 6 153 554 501 174 639 799 38
P 39 4 5 153 275 620 701 163 39
P 40 5 9 153 554 646 617 58 723 614 22 471 40
P 41 4 9 153 742 8 54 278 332 959 132 172 41
P 42 7 8 153 275 131 768 939 64 899 237 42
P 43 4 3 153 720 640 43
P 44 3 8 153 275 620 701 613 220 656 378 44
P 45 6 7 153 275 131 768 939 830 198 45
P 46 6 8 153 275 620 701 244 470 342 352 46
P 47 4 14 153 275 620 701 163 141 929 402 835 183 484 452 519 169 47
P 48 5 12 153 275 620 701 613 220 485 192 247 154 250 837 48
P 49 4 6 153 554 501 174 187 595 49
P 50 3 17 153 275 620 701 613 220 485 192 247 669 667 499 304 123 938 913 528 50
P 51 3 9 153 275 620 701 163 141 929 231 372 51
P 52 5 7 153 275 620 701 613 220 656 52
P 53 4 5 153 275 440 482 355 53
P 54 3 3 153 742 8 54
P 55 3 9 153 554 501 174 639 322 987 70 156 55
P 56 5 7 153 275 440 425 848 468 809 56
P 57 5 8 153 720 126 13 784 251 833 954 57
P 58 2 4 153 554 646 617 58
P 59 6 10 153 275 620 701 163 141 929 584 494 610 59
P 60 5 3 153 554 225 60
P 61 5 6 153 720 126 238 829 563 61
P 62 4 12 153 275 620 701 163 141 929 480 5 930 435 785 62
P 63 4 8 153 275 620 701 343 827 559 937 63
P 64 3 5 153 275 131 768 939 64
P 65 4 5 153 742 8 54 32 65
P 66 5 6 153 720 331 976 377 203 66
P 67 6 4 153 720 126 238 67
P 68 4 6 153 742 8 54 32 637 68
P 69 3 4 153 720 9 95 69
P 70 3 7 153 554 501 174 639 322 987 70
P 71 3 8 153 554 920 142 940 908 957 512 71
P 72 5 5 153 742 8 54 922 72
P 73 3 5 153 275 620 701 613 73
P 74 4 6 153 275 620 701 613 476 74
P 75 3 7 153 554 646 617 58 723 614 75
P 76 4 7 153 554 920 142 940 908 957 76
P 77 2 3 153 720 126 77
P 78 4 5 153 275 620 701 692 78
P 79 8 6 153 720 9 95 96 988 79
P 80 4 7 153 275 620 701 244 470 342 80
P 81 4 5 153 554 920 7 705 81
P 82 5 7 153 275 131 768 679 936 596 82
P 83 3 9 153 275 620 701 613 220 485 192 247 83
P 84 5 11 153 275 620 701 613 220 485 431 394 300 970 84
P 85 5 7 153 275 620 701 165 695 291 85
P 86 3 12 153 275 620 701 163 141 929 402 835 183 484 452 86
P 87 3 8 153 275 620 701 165 695 780 745 87
P 88 4 5 153 275 131 768 892 88
P 89 3 9 153 275 620 701 163 141 929 480 5 89
P 90 3 9 153 554 646 617 58 723 614 22 760 90
P 91 6 7 153 275 131 768 939 694 994 91
P 92 3 7 153 554 920 142 940 908 102 92
P 93 5 10 153 275 620 701 163 141 929 480 5 930 93
P 94 6 7 153 720 126 238 931 638 606 94
P 95 3 3 153 720 9 95
P 96 3 4 153 720 9 95 96
P 97 2 9 153 275 620 701 163 141 929 231 790 97
P 98 4 9 153 554 920 142 940 908 957 512 71 98
P 99 3 9 153 275 620 701 163 141 929 402 103 99
P 100 4 11 153 554 646 617 58 723 614 22 185 145 567 100
P 101 3 14 153 275 620 701 163 141 929 402 835 183 484 464 175 483 101
P 102 3 6 153 554 920 142 940 908 102
P 103 3 8 153 275 620 701 163 141 929 402 103
P 104 5 12 153 275 620 701 163 141 929 402 103 820 998 946 104
P 105 8 9 153 554 646 617 58 723 614 22 471 105
P 106 3 6 153 275 620 701 163 673 106
P 107 3 15 153 275 620 701 163 141 929 480 5 930 435 785 636 853 447 107
P 108 4 8 153 275 620 701 343 827 559 937 108
P 109 4 4 153 554 920 142 109
P 110 6 4 153 275 131 769 110
P 111 4 4 153 742 8 311 111
P 112 3 8 153 275 620 701 343 827 559 937 112
P 113 5 6 153 275 131 768 679 936 113
P 114 4 15 153 275 620 701 163 141 929 231 790 575 918 258 229 353 818 114
P 115 6 9 153 720 9 886 979 583 902 653 429 115
P 116 3 14 153 275 620 701 163 141 929 231 790 575 20 148 871 465 116
P 117 6 13 153 275 620 701 163 141 929 402 835 183 484 452 303 117
P 118 5 7 153 720 331 976 377 203 66 118
P 119 6 20 153 275 620 701 613 220 485 192 247 669 667 499 304 123 938 913 408 125 170 6 119
P 120 3 5 153 720 9 886 282 120
P 121 4 9 153 554 646 617 58 723 614 22 760 121
P 122 4 5 153 275 440 425 848 122
P 123 3 13 153 275 620 701 613 220 485 192 247 669 667 499 304 123
P 124 4 12 153 275 620 701 163 141 929 231 372 51 968 249 124
P 125 3 17 153 275 620 701 613 220 485 192 247 669 667 499 304 123 938 913 408 125
P 126 1 2 153 720 126
P 127 4 4 153 275 193 852 127
P 128 9 6 153 554 225 729 439 466 128
P 129 3 4 153 275 193 852 129
P 130 3 3 153 554 225 130
P 131 3 2 153 275 131
P 132 4 7 153 742 8 54 278 332 959 132
P 133 2 4 153 720 126 238 133
P 134 4 4 153 720 126 77 134
P 135 4 3 153 720 331 135
P 136 2 10 153 275 620 701 163 141 929 402 835 183 136
P 137 4 7 153 275 620 701 613 217 367 137
P 138 4 8 153 275 620 701 165 695 780 884 138
P 139 5 8 153 275 620 701 613 220 485 467 139
P 140 6 10 153 275 620 701 163 141 929 402 835 728 140
P 141 2 5 153 275 620 701 163 141
P 142 2 3 153 554 920 142
P 143 3 9 153 554 501 174 639 322 987 70 156 143
P 144 5 6 153 742 8 54 278 221 144
P 145 4 9 153 554 646 617 58 723 614 22 185 145
P 146 3 9 153 275 620 701 613 220 656 378 719 146
P 147 4 5 153 720 126 238 267 147
P 148 3 11 153 275 620 701 163 141 929 231 790 575 20 148
P 149 3 10 153 720 9 886 979 583 902 298 287 754 149
P 150 5 9 153 275 620 701 343 827 559 937 280 150
P 151 3 3 153 275 440 151
P 152 6 10 153 720 9 886 979 583 902 298 287 754 152
P 153 0 0 153
P 154 3 9 153 275 620 701 613 220 485 192 247 154
P 155 6 4 153 720 331 516 155
P 156 3 8 153 554 501 174 639 322 987 70 156
P 157 7 9 153 720 9 886 282 776 477 338 454 157
P 158 4 8 153 275 620 701 163 673 106 677 158
P 159 3 6 153 275 620 701 613 220 159
P 160 5 7 153 275 131 768 679 189 834 160
P 161 4 4 153 554 225 475 161
P 162 5 7 153 720 9 886 282 776 571 162
P 163 2 4 153 275 620 701 163
P 164 4 6 153 275 131 768 939 505 164
P 165 3 4 153 275 620 701 165
P 166 5 10 153 275 620 701 613 220 485 192 247 669 166
P 167 3 12 153 275 620 701 163 141 929 231 790 575 918 258 167
P 168 4 4 153 275 440 151 168
P 169 3 13 153 275 620 701 163 141 929 402 835 183 484 452 519 169
P 170 3 18 153 275 620 701 613 220 485 192 247 669 667 499 304 123 938 913 408 125 170
P 171 6 9 153 275 620 701 613 220 485 467 276 171
P 172 4 8 153 742 8 54 278 332 959 132 172
P 173 3 4 153 720 126 238 173
P 174 3 3 153 554 501 174
P 175 3 12 153 275 620 701 163 141 929 402 835 183 484 464 175
P 176 2 12 153 275 620 701 163 141 929 402 835 183 484 464 176
P 177 4 9 153 554 501 174 639 322 987 70 691 177
P 178 5 4 153 275 440 151 178
P 179 4 5 153 720 331 976 377 179
P 180 10 16 153 275 620 701 163 141 929 480 5 930 435 785 636 853 668 207 180
P 181 6 8 153 554 646 617 58 723 313 831 181
P 182 5 13 153 275 620 701 163 141 929 231 790 575 918 258 229 182
P 183 2 9 153 275 620 701 163 141 929 402 835 183
P 184 4 13 153 275 620 701 613 220 485 192 247 669 667 499 536 184
P 185 3 8 153 554 646 617 58 723 614 22 185
P 186 6 9 153 275 131 768 939 64 899 237 487 186
P 187 4 4 153 554 501 174 187
P 188 4 6 153 275 440 425 848 687 188
P 189 3 5 153 275 131 768 679 189
P 190 4 7 153 275 620 701 613 217 367 190
P 191 6 6 153 275 620 701 692 78 191
P 192 3 7 153 275 620 701 613 220 485 192
P 193 2 2 153 275 193
P 194 3 6 153 720 9 886 282 776 194
P 195 5 5 153 720 331 516 736 195
P 196 5 8 153 275 620 701 165 695 780 745 196
P 197 3 11 153 275 620 701 613 220 485 192 247 15 450 197
P 198 6 6 153 275 131 768 939 830 198
P 199 4 10 153 275 620 701 244 470 342 80 749 26 199
P 200 3 10 153 275 620 701 163 141 929 231 804 24 200
P 201 6 6 153 720 126 77 326 422 201
P 202 4 4 153 720 9 319 202
P 203 5 5 153 720 331 976 377 203
P 204 4 14 153 275 620 701 163 141 929 402 835 183 484 452 519 169 204
P 205 4 4 153 275 131 769 205
P 206 6 10 153 275 620 701 163 141 929 231 790 314 206
P 207 5 15 153 275 620 701 163 141 929 480 5 930 435 785 636 853 668 207
P 208 4 9 153 275 620 701 613 217 367 552 995 208
P 209 3 4 153 275 440 944 209
P 210 3 10 153 275 620 701 163 141 929 231 396 582 210
P 211 3 6 153 275 440 425 848 687 211
P 212 4 5 153 720 331 516 641 212
P 213 4 5 153 554 920 142 109 213
P 214 3 10 153 275 620 701 613 217 367 552 995 271 214
P 215 3 14 153 275 620 701 163 141 929 231 790 575 20 148 871 786 215
P 216 5 10 153 720 9 886 979 583 902 682 346 794 216
P 217 2 5 153 275 620 701 613 217
P 218 3 8 153 720 9 886 979 583 902 682 218
P 219 3 7 153 275 620 701 613 220 159 219
P 220 2 5 153 275 620 701 613 220
P 221 4 5 153 742 8 54 278 221
P 222 4 7 153 720 9 886 979 583 25 222
P 223 5 7 153 720 9 886 979 583 25 223
P 224 3 4 153 275 193 852 224
P 225 3 2 153 554 225
P 226 3 6 153 720 9 95 96 590 226
P 227 5 9 153 275 131 768 679 936 618 890 904 227
P 228 7 11 153 275 620 701 613 220 485 192 247 669 344 228
P 229 3 12 153 275 620 701 163 141 929 231 790 575 918 258 229
P 230 4 7 153 275 620 701 165 695 4 230
P 231 2 7 153 275 620 701 163 141 929 231
P 232 6 3 153 554 646 232
P 233 6 6 153 720 9 886 979 583 233
P 234 4 5 153 720 9 319 202 234
P 235 6 6 153 275 440 944 209 328 235
P 236 5 12 153 275 620 701 163 141 929 402 835 183 484 29 236
P 237 3 7 153 275 131 768 939 64 899 237
P 238 2 3 153 720 126 238
P 239 7 6 153 720 331 516 641 919 239
P 240 3 15 153 275 620 701 163 141 929 402 835 183 484 464 175 483 101 240
P 241 4 5 153 720 126 238 989 241
P 242 6 5 153 742 8 54 922 242
P 243 4 8 153 275 620 701 163 673 106 677 243
P 244 2 4 153 275 620 701 244
P 245 5 8 153 275 620 701 244 795 508 839 245
P 246 6 7 153 275 620 701 165 695 291 246
P 247 3 8 153 275 620 701 613 220 485 192 247
P 248 3 5 153 275 440 425 803 248
P 249 3 11 153 275 620 701 163 141 929 231 372 51 968 249
P 250 3 10 153 275 620 701 613 220 485 192 247 154 250
P 251 4 5 153 720 126 13 784 251
P 252 3 5 153 275 440 425 803 252
P 253 3 10 153 275 620 701 163 141 929 480 5 930 253
P 254 4 10 153 275 620 701 163 141 929 480 5 89 254
P 255 4 4 153 554 225 897 255
P 256 4 9 153 275 131 768 939 694 520 706 388 256
P 257 8 8 153 720 9 886 979 583 902 788 257
P 258 2 11 153 275 620 701 163 141 929 231 790 575 918 258
P 259 4 10 153 554 501 174 639 322 987 70 156 55 259
P 260 4 6 153 720 126 13 784 251 260
P 261 5 5 153 275 620 701 163 261
P 262 8 7 153 720 9 886 979 583 416 262
P 263 8 10 153 554 501 174 639 322 987 70 156 962 263
P 264 2 2 153 554 264
P 265 7 12 153 554 501 174 639 322 987 70 156 55 545 309 265
P 266 6 8 153 275 620 701 165 695 291 85 266
P 267 2 4 153 720 126 238 267
P 268 7 6 153 720 126 77 326 422 268
P 269 5 11 153 275 620 701 613 220 485 192 247 669 667 269
P 270 4 5 153 720 9 95 69 270
P 271 2 9 153 275 620 701 613 217 367 552 995 271
P 272 7 6 153 720 126 77 134 301 272
P 273 4 5 153 275 440 151 168 273
P 274 4 8 153 275 131 768 939 505 823 854 274
P 275 0 1 153 275
P 276 4 8 153 275 620 701 613 220 485 467 276
P 277 4 7 153 275 620 701 165 695 4 277
P 278 3 4 153 742 8 54 278
P 279 0 2 153 275 279
P 280 5 8 153 275 620 701 343 827 559 937 280
P 281 4 5 153 720 9 886 979 281
P 282 3 4 153 720 9 886 282
P 283 3 17 153 275 620 701 613 220 485 192 247 669 667 499 304 123 938 913 408 283
P 284 6 8 153 720 126 238 931 638 606 94 284
P 285 3 10 153 275 620 701 163 141 929 231 790 609 285
P 286 5 6 153 275 620 701 163 801 286
P 287 3 8 153 720 9 886 979 583 902 298 287
P 288 4 10 153 275 620 701 163 141 929 231 396 591 288
P 289 4 18 153 275 620 701 613 220 485 192 247 669 667 499 304 123 938 913 408 125 289
P 290 4 11 153 554 501 174 639 322 987 70 156 55 545 290
P 291 5 6 153 275 620 701 165 695 291
P 292 5 6 153 275 440 425 848 687 292
P 293 3 7 153 720 9 886 282 776 407 293
P 294 4 8 153 554 646 617 351 690 807 717 294
P 295 3 7 153 275 131 768 679 189 834 295
P 296 7 7 153 275 620 701 692 78 191 296
P 297 6 9 153 275 620 701 163 141 929 402 835 297
P 298 3 7 153 720 9 886 979 583 902 298
P 299 6 7 153 720 126 238 133 579 903 299
P 300 3 9 153 275 620 701 613 220 485 431 394 300
P 301 4 5 153 720 126 77 134 301
P 302 5 4 153 275 440 151 302
P 303 3 12 153 275 620 701 163 141 929 402 835 183 484 452 303
P 304 3 12 153 275 620 701 613 220 485 192 247 669 667 499 304
P 305 3 12 153 275 620 701 163 141 929 402 103 820 323 765 305
P 306 3 5 153 720 126 238 173 306
P 307 3 6 153 720 126 77 643 960 307
P 308 8 8 153 742 8 54 278 221 144 530 308
P 309 6 11 153 554 501 174 639 322 987 70 156 55 545 309
P 310 3 7 153 275 131 768 679 189 834 310
P 311 4 3 153 742 8 311
P 312 5 5 153 554 225 475 697 312
P 313 3 6 153 554 646 617 58 723 313
P 314 5 9 153 275 620 701 163 141 929 231 790 314
P 315 7 6 153 275 131 768 892 88 315
P 316 6 5 153 554 646 617 58 316
P 317 4 10 153 275 620 701 163 141 929 402 103 813 317
P 318 5 7 153 275 620 701 163 801 286 318
P 319 3 3 153 720 9 319
P 320 4 5 153 275 193 852 224 320
P 321 5 6 153 742 8 54 278 332 321
P 322 3 5 153 554 501 174 639 322
P 323 3 10 153 275 620 701 163 141 929 402 103 820 323
P 324 4 6 153 720 9 886 979 583 324
P 325 5 7 153 742 8 54 278 221 144 325
P 326 2 4 153 720 126 77 326
P 327 3 10 153 275 620 701 163 141 929 231 790 97 327
P 328 4 5 153 275 440 944 209 328
P 329 5 12 153 275 620 701 163 141 929 231 372 51 878 616 329
P 330 2 4 153 554 920 142 330
P 331 2 2 153 720 331
P 332 4 5 153 742 8 54 278 332
P 333 4 6 153 275 440 425 848 468 333
P 334 3 12 153 275 620 701 613 220 485 192 247 669 667 499 334
P 335 7 10 153 275 620 701 165 695 374 900 373 787 335
P 336 3 10 153 554 646 617 58 723 614 75 797 860 336
P 337 4 9 153 275 620 701 163 141 929 231 396 337
P 338 3 7 153 720 9 886 282 776 477 338
P 339 5 5 153 275 193 852 756 339
P 340 4 6 153 720 331 976 377 750 340
P 341 3 10 153 275 620 701 163 141 929 480 569 789 341
P 342 4 6 153 275 620 701 244 470 342
P 343 3 4 153 275 620 701 343
P 344 5 10 153 275 620 701 613 220 485 192 247 669 344
P 345 4 7 153 275 440 425 803 252 624 345
P 346 4 8 153 720 9 886 979 583 902 682 346
P 347 4 11 153 275 620 701 163 141 929 231 790 97 327 347
P 348 3 12 153 275 620 701 163 141 929 402 103 820 323 765 348
P 349 7 6 153 275 131 768 679 936 349
P 350 5 8 153 275 440 425 803 252 624 821 350
P 351 4 4 153 554 646 617 351
P 352 5 7 153 275 620 701 244 470 342 352
P 353 3 13 153 275 620 701 163 141 929 231 790 575 918 258 229 353
P 354 7 7 153 720 9 886 282 776 571 354
P 355 4 4 153 275 440 482 355
P 356 4 6 153 720 126 77 134 301 356
P 357 5 6 153 720 9 95 96 459 357
P 358 5 7 153 554 225 475 161 683 980 358
P 359 6 4 153 275 440 944 359
P 360 4 8 153 554 501 174 639 322 987 70 360
P 361 5 5 153 275 620 701 163 361
P 362 4 7 153 275 620 701 163 673 106 362
P 363 5 9 153 275 131 768 939 64 899 237 541 363
P 364 6 11 153 275 620 701 244 470 342 80 749 26 199 364
P 365 4 10 153 275 620 701 343 827 559 937 112 861 365
P 366 4 11 153 275 620 701 163 141 929 480 569 789 341 366
P 367 2 6 153 275 620 701 613 217 367
P 368 3 9 153 275 620 701 163 141 929 386 19 368
P 369 4 9 153 275 131 768 939 694 994 660 651 369
P 370 5 5 153 742 8 54 922 370
P 371 4 2 153 275 371
P 372 3 8 153 275 620 701 163 141 929 231 372
P 373 3 8 153 275 620 701 165 695 374 900 373
P 374 3 6 153 275 620 701 165 695 374
P 375 5 6 153 720 126 238 989 746 375
P 376 4 8 153 275 620 701 163 141 929 584 376
P 377 2 4 153 720 331 976 377
P 378 3 7 153 275 620 701 613 220 656 378
P 379 3 9 153 720 9 886 282 776 477 338 454 379
P 380 5 13 153 275 620 701 163 141 929 402 835 183 136 752 451 380
P 381 5 7 153 720 9 95 96 590 934 381
P 382 4 10 153 275 620 701 163 141 929 231 372 51 382
P 383 5 12 153 275 620 701 163 141 929 231 790 575 555 0 383
P 384 4 16 153 275 620 701 613 220 485 192 247 669 667 499 304 123 938 913 384
P 385 3 7 153 720 126 77 643 960 307 385
P 386 3 7 153 275 620 701 163 141 929 386
P 387 3 4 153 720 331 976 387
P 388 4 8 153 275 131 768 939 694 520 706 388
P 389 5 8 153 275 620 701 613 220 159 219 389
P 390 4 4 153 554 920 142 390
P 391 5 6 153 554 225 475 697 543 391
P 392 4 14 153 275 620 701 613 220 485 192 247 15 450 197 509 876 392
P 393 3 14 153 275 620 701 163 141 929 231 790 575 20 148 871 465 393
P 394 3 8 153 275 620 701 613 220 485 431 394
P 395 4 4 153 720 126 77 395
P 396 3 8 153 275 620 701 163 141 929 231 396
P 397 7 7 153 720 331 516 641 919 239 397
P 398 5 8 153 275 620 701 165 695 4 277 398
P 399 7 6 153 275 440 425 848 122 399
P 400 4 8 153 720 9 886 979 583 324 953 400
P 401 5 8 153 275 620 701 165 695 374 900 401
P 402 2 7 153 275 620 701 163 141 929 402
P 403 3 12 153 275 620 701 163 141 929 480 5 930 253 10 403
P 404 5 10 153 720 9 886 979 583 902 682 346 794 404
P 405 5 15 153 275 620 701 163 141 929 480 5 930 435 785 636 853 668 405
P 406 6 4 153 554 920 766 406
P 407 3 6 153 720 9 886 282 776 407
P 408 3 16 153 275 620 701 613 220 485 192 247 669 667 499 304 123 938 913 408
P 409 4 6 153 275 620 701 244 659 409
P 410 3 8 153 275 131 768 679 189 834 310 410
P 411 3 6 153 275 620 701 165 441 411
P 412 6 1 153 412
P 413 4 9 153 742 8 54 278 332 959 132 172 413
P 414 4 7 153 554 501 174 639 799 38 414
P 415 4 5 153 275 131 768 892 415
P 416 6 6 153 720 9 886 979 583 416
P 417 3 10 153 275 620 701 163 141 929 480 569 759 417
P 418 4 20 153 275 620 701 613 220 485 192 247 669 667 499 304 123 938 913 408 125 170 6 418
P 419 3 9 153 554 646 617 58 723 614 22 471 419
P 420 3 14 153 275 620 701 163 141 929 402 835 183 484 452 519 169 420
P 421 5 6 153 742 8 54 278 332 421
P 422 5 5 153 720 126 77 326 422
P 423 5 14 153 275 620 701 163 141 929 231 372 51 878 616 329 708 423
P 424 4 10 153 275 620 701 244 470 342 80 749 26 424
P 425 3 3 153 275 440 425
P 426 3 3 153 554 264 426
P 427 3 11 153 275 620 701 163 141 929 231 804 24 200 427
P 428 5 5 153 742 8 311 111 428
P 429 5 8 153 720 9 886 979 583 902 653 429
P 430 4 6 153 275 131 768 939 694 430
P 431 3 7 153 275 620 701 613 220 485 431
P 432 3 9 153 275 620 701 163 141 929 231 804 432
P 433 4 7 153 554 646 617 351 690 807 433
P 434 4 12 153 275 620 701 163 141 929 480 5 930 435 986 434
P 435 3 10 153 275 620 701 163 141 929 480 5 930 435
P 436 4 7 153 554 646 617 58 723 313 436
P 437 4 6 153 275 440 482 355 53 437
P 438 5 16 153 275 620 701 163 141 929 480 5 930 435 785 636 853 668 207 438
P 439 4 4 153 554 225 729 439
P 440 1 2 153 275 440
P 441 3 5 153 275 620 701 165 441
P 442 4 12 153 275 620 701 163 141 929 402 835 728 699 496 442
P 443 5 8 153 275 131 768 679 189 834 310 443
P 444 3 10 153 554 501 174 639 322 987 70 156 143 444
P 445 3 11 153 275 620 701 163 141 929 480 569 759 417 445
P 446 3 3 153 275 193 446
P 447 3 14 153 275 620 701 163 141 929 480 5 930 435 785 636 853 447
P 448 3 3 153 720 537 448
P 449 5 10 153 275 620 701 163 141 929 231 790 575 449
P 450 3 10 153 275 620 701 613 220 485 192 247 15 450
P 451 3 12 153 275 620 701 163 141 929 402 835 183 136 752 451
P 452 3 11 153 275 620 701 163 141 929 402 835 183 484 452
P 453 6 5 153 720 126 238 67 453
P 454 3 8 153 720 9 886 282 776 477 338 454
P 455 5 13 153 275 620 701 163 141 929 231 372 51 968 249 124 455
P 456 5 4 153 720 331 135 456
P 457 10 4 153 275 193 446 457
P 458 7 7 153 720 126 238 267 993 489 458
P 459 3 5 153 720 9 95 96 459
P 460 4 8 153 275 620 701 163 141 929 997 460
P 461 4 7 153 720 9 886 979 583 324 461
P 462 3 13 153 275 620 701 163 141 929 402 103 820 323 765 305 462
P 463 6 12 153 275 620 701 244 470 342 80 749 26 199 364 463
P 464 2 11 153 275 620 701 163 141 929 402 835 183 484 464
P 465 3 13 153 275 620 701 163 141 929 231 790 575 20 148 871 465
P 466 6 5 153 554 225 729 439 466
P 467 4 7 153 275 620 701 613 220 485 467
P 468 3 5 153 275 440 425 848 468
P 469 5 5 153 275 131 768 679 469
P 470 3 5 153 275 620 701 244 470
P 471 3 8 153 554 646 617 58 723 614 22 471
P 472 4 10 153 275 620 701 613 220 485 431 394 300 472
P 473 3 12 153 275 620 701 613 220 485 192 247 154 250 630 473
P 474 5 4 153 742 8 311 474
P 475 3 3 153 554 225 475
P 476 2 5 153 275 620 701 613 476
P 477 3 6 153 720 9 886 282 776 477
P 478 4 10 153 275 620 701 163 141 929 231 396 591 478
P 479 4 8 153 275 620 701 613 220 656 378 479
P 480 2 7 153 275 620 701 163 141 929 480
P 481 9 8 153 720 9 886 282 776 571 30 481
P 482 3 3 153 275 440 482
P 483 3 13 153 275 620 701 163 141 929 402 835 183 484 464 175 483
P 484 2 10 153 275 620 701 163 141 929 402 835 183 484
P 485 2 6 153 275 620 701 613 220 485
P 486 3 10 153 275 620 701 613 217 367 552 995 271 486
P 487 5 8 153 275 131 768 939 64 899 237 487
P 488 5 7 153 720 9 95 96 459 914 488
P 489 4 6 153 720 126 238 267 993 489
P 490 3 8 153 720 9 886 282 776 407 293 490
P 491 5 9 153 275 620 701 613 220 485 467 748 491
P 492 3 9 153 275 620 701 163 141 929 584 494 492
P 493 4 12 153 275 620 701 163 141 929 231 790 609 713 739 493
P 494 3 8 153 275 620 701 163 141 929 584 494
P 495 5 7 153 720 9 886 979 583 902 495
P 496 2 11 153 275 620 701 163 141 929 402 835 728 699 496
P 497 5 6 153 275 620 701 163 261 497
P 498 5 8 153 720 9 886 979 583 25 1 498
P 499 3 11 153 275 620 701 613 220 485 192 247 669 667 499
P 500 3 16 153 275 620 701 163 141 929 402 835 183 484 464 175 483 101 990 500
P 501 2 2 153 554 501
P 502 4 12 153 275 620 701 163 141 929 480 569 759 417 445 502
P 503 5 6 153 554 225 475 161 683 503
P 504 4 11 153 275 620 701 613 220 485 192 247 669 667 504
P 505 3 5 153 275 131 768 939 505
P 506 6 5 153 720 126 238 931 506
P 507 6 9 153 275 440 425 803 252 624 821 350 507
P 508 3 6 153 275 620 701 244 795 508
P 509 4 12 153 275 620 701 613 220 485 192 247 15 450 197 509
P 510 3 10 153 720 9 886 282 776 477 338 454 379 510
P 511 4 4 153 742 8 928 511
P 512 3 7 153 554 920 142 940 908 957 512
P 513 5 10 153 275 620 701 613 220 485 467 276 805 513
P 514 4 13 153 275 620 701 613 220 485 192 247 669 667 499 304 514
P 515 5 6 153 275 620 701 163 673 515
P 516 3 3 153 720 331 516
P 517 6 7 153 720 126 238 989 746 375 517
P 518 7 9 153 720 9 886 979 583 902 682 346 518
P 519 3 12 153 275 620 701 163 141 929 402 835 183 484 452 519
P 520 3 6 153 275 131 768 939 694 520
P 521 4 9 153 554 646 617 351 690 807 717 294 521
P 522 3 7 153 275 620 701 244 795 508 522
P 523 5 7 153 720 331 976 377 179 731 523
P 524 5 6 153 275 440 425 848 468 524
P 525 5 7 153 720 9 886 979 583 324 525
P 526 6 8 153 554 646 617 58 723 614 75 526
P 527 5 9 153 275 620 701 613 220 656 378 44 527
P 528 3 16 153 275 620 701 613 220 485 192 247 669 667 499 304 123 938 913 528
P 529 4 8 153 275 620 701 613 220 485 467 529
P 530 5 7 153 742 8 54 278 221 144 530
P 531 3 11 153 275 620 701 163 141 929 402 835 183 484 531
P 532 4 12 153 275 620 701 613 220 485 192 247 15 450 197 532
P 533 4 8 153 554 920 142 940 908 102 601 533
P 534 4 12 153 554 646 617 58 723 614 22 185 145 567 100 534
P 535 4 6 153 554 920 142 330 811 535
P 536 3 12 153 275 620 701 613 220 485 192 247 669 667 499 536
P 537 2 2 153 720 537
P 538 7 9 153 720 9 886 979 583 25 1 498 538
P 539 5 4 153 742 8 928 539
P 540 5 19 153 275 620 701 613 220 485 192 247 669 667 499 304 123 938 913 408 125 170 540
P 541 3 8 153 275 131 768 939 64 899 237 541
P 542 3 9 153 275 620 701 613 220 656 378 44 542
P 543 5 5 153 554 225 475 697 543
P 544 3 9 153 275 131 768 679 189 834 295 33 544
P 545 3 10 153 554 501 174 639 322 987 70 156 55 545
P 546 3 13 153 275 620 701 163 141 929 402 835 183 484 464 175 546
P 547 7 10 153 275 131 768 679 936 618 890 904 635 547
P 548 4 14 153 275 620 701 613 220 485 192 247 669 667 499 304 123 548
P 549 6 10 153 275 620 701 163 141 929 480 569 789 549
P 550 4 7 153 275 131 768 679 936 596 550
P 551 5 6 153 720 331 976 377 203 551
P 552 2 7 153 275 620 701 613 217 367 552
P 553 5 6 153 742 8 54 32 65 553
P 554 1 1 153 554
P 555 5 10 153 275 620 701 163 141 929 231 790 575 555
P 556 4 11 153 275 620 701 163 141 929 231 790 97 327 556
P 557 4 6 153 720 9 95 69 270 557
P 558 6 7 153 275 131 768 892 88 891 558
P 559 3 6 153 275 620 701 343 827 559
P 560 4 20 153 275 620 701 613 220 485 192 247 669 667 499 304 123 938 913 408 125 170 6 560
P 561 3 9 153 275 131 768 679 189 834 310 410 561
P 562 4 11 153 275 620 701 163 141 929 480 569 759 417 562
P 563 4 5 153 720 126 238 829 563
P 564 7 7 153 275 620 701 163 39 698 564
P 565 4 19 153 275 620 701 613 220 485 192 247 669 667 499 304 123 938 913 408 125 974 565
P 566 4 6 153 742 8 54 278 221 566
P 567 4 10 153 554 646 617 58 723 614 22 185 145 567
P 568 6 6 153 275 620 701 163 141 568
P 569 3 8 153 275 620 701 163 141 929 480 569
P 570 4 5 153 720 331 135 973 570
P 571 4 6 153 720 9 886 282 776 571
P 572 4 11 153 275 131 768 679 189 834 310 410 561 598 572
P 573 4 9 153 275 620 701 163 141 929 231 804 573
P 574 4 11 153 275 620 701 163 141 929 231 396 582 210 574
P 575 2 9 153 275 620 701 163 141 929 231 790 575
P 576 2 6 153 275 620 701 613 220 576
P 577 5 4 153 720 331 516 577
P 578 5 8 153 275 131 768 679 936 726 743 578
P 579 2 5 153 720 126 238 133 579
P 580 4 8 153 720 126 238 267 147 623 779 580
P 581 4 12 153 275 620 701 613 220 485 192 247 154 250 630 581
P 582 3 9 153 275 620 701 163 141 929 231 396 582
P 583 3 5 153 720 9 886 979 583
P 584 3 7 153 275 620 701 163 141 929 584
P 585 4 14 153 275 620 701 163 141 929 402 835 183 484 452 519 169 585
P 586 4 9 153 275 620 701 163 141 929 231 372 586
P 587 5 10 153 275 620 701 163 141 929 584 494 492 587
P 588 3 7 153 275 620 701 613 220 485 588
P 589 3 5 153 720 126 238 802 589
P 590 3 5 153 720 9 95 96 590
P 591 4 9 153 275 620 701 163 141 929 231 396 591
P 592 3 11 153 275 620 701 163 141 929 584 494 492 933 592
P 593 6 11 153 275 620 701 163 141 929 402 103 820 323 593
P 594 4 6 153 720 126 77 134 301 594
P 595 4 5 153 554 501 174 187 595
P 596 4 6 153 275 131 768 679 936 596
P 597 4 8 153 275 620 701 163 141 929 480 597
P 598 3 10 153 275 131 768 679 189 834 310 410 561 598
P 599 3 11 153 275 620 701 163 141 929 402 103 820 998 599
P 600 6 10 153 275 620 701 163 141 929 480 569 789 600
P 601 4 7 153 554 920 142 940 908 102 601
P 602 5 11 153 275 620 701 163 141 929 480 569 759 417 602
P 603 4 5 153 554 225 729 439 603
P 604 3 13 153 275 620 701 163 141 929 480 5 930 435 785 636 604
P 605 4 15 153 275 620 701 613 220 485 192 247 669 667 499 304 123 548 605
P 606 4 6 153 720 126 238 931 638 606
P 607 6 4 153 554 225 130 607
P 608 4 9 153 554 646 617 351 690 807 717 294 608
P 609 2 9 153 275 620 701 163 141 929 231 790 609
P 610 3 9 153 275 620 701 163 141 929 584 494 610
P 611 3 4 153 742 8 928 611
P 612 7 10 153 275 620 701 613 220 485 192 247 83 612
P 613 2 4 153 275 620 701 613
P 614 3 6 153 554 646 617 58 723 614
P 615 4 10 153 554 920 142 940 908 957 512 71 98 615
P 616 3 11 153 275 620 701 163 141 929 231 372 51 878 616
P 617 2 3 153 554 646 617
P 618 3 6 153 275 131 768 679 936 618
P 619 4 8 153 720 9 886 979 583 902 653 619
P 620 2 2 153 275 620
P 621 4 5 153 742 8 311 111 621
P 622 4 10 153 275 620 701 163 141 929 231 372 51 622
P 623 4 6 153 720 126 238 267 147 623
P 624 4 6 153 275 440 425 803 252 624
P 625 4 5 153 275 440 151 168 625
P 626 4 10 153 554 501 174 639 322 987 70 156 962 626
P 627 8 7 153 720 126 77 643 960 307 627
P 628 5 8 153 275 440 425 803 252 624 821 628
P 629 4 5 153 554 501 174 639 629
P 630 3 11 153 275 620 701 613 220 485 192 247 154 250 630
P 631 6 13 153 275 620 701 163 141 929 402 835 183 136 752 451 631
P 632 6 18 153 275 620 701 613 220 485 192 247 669 667 499 304 123 938 913 528 50 632
P 633 4 13 153 275 620 701 163 141 929 231 790 575 918 258 229 633
P 634 3 8 153 275 620 701 163 141 929 231 634
P 635 4 9 153 275 131 768 679 936 618 890 904 635
P 636 3 12 153 275 620 701 163 141 929 480 5 930 435 785 636
P 637 4 5 153 742 8 54 32 637
P 638 3 5 153 720 126 238 931 638
P 639 3 4 153 554 501 174 639
P 640 4 2 153 720 640
P 641 3 4 153 720 331 516 641
P 642 4 3 153 554 264 642
P 643 3 4 153 720 126 77 643
P 644 3 10 153 275 620 701 163 141 929 386 19 368 644
P 645 6 9 153 720 126 238 931 638 606 94 284 645
P 646 1 2 153 554 646
P 647 4 21 153 275 620 701 613 220 485 192 247 669 667 499 304 123 938 913 408 125 170 6 418 647
P 648 11 7 153 275 620 701 613 220 485 648
P 649 7 13 153 275 620 701 163 141 929 231 372 51 622 901 917 649
P 650 6 6 153 720 126 77 326 422 650
P 651 4 8 153 275 131 768 939 694 994 660 651
P 652 4 12 153 275 620 701 163 141 929 402 103 820 323 765 652
P 653 4 7 153 720 9 886 979 583 902 653
P 654 7 8 153 275 620 701 163 673 106 362 654
P 655 4 6 153 554 920 142 940 908 655
P 656 3 6 153 275 620 701 613 220 656
P 657 3 9 153 275 620 701 163 141 929 231 790 657
P 658 10 9 153 275 131 768 679 189 834 295 33 658
P 659 2 5 153 275 620 701 244 659
P 660 4 7 153 275 131 768 939 694 994 660
P 661 4 2 153 720 661
P 662 5 12 153 554 646 617 58 723 614 75 797 860 336 982 662
P 663 3 10 153 275 620 701 613 220 485 192 247 154 663
P 664 6 7 153 275 620 701 165 695 4 664
P 665 5 21 153 275 620 701 613 220 485 192 247 669 667 499 304 123 938 913 408 125 170 6 560 665
P 666 3 12 153 275 620 701 613 220 485 192 247 15 450 197 666
P 667 3 10 153 275 620 701 613 220 485 192 247 669 667
P 668 3 14 153 275 620 701 163 141 929 480 5 930 435 785 636 853 668
P 669 3 9 153 275 620 701 613 220 485 192 247 669
P 670 6 7 153 720 126 238 267 771 935 670
P 671 3 8 153 275 131 768 679 189 834 295 671
P 672 6 5 153 275 131 768 892 672
P 673 2 5 153 275 620 701 163 673
P 674 5 9 153 275 131 768 679 936 618 890 904 674
P 675 7 6 153 720 9 886 979 583 675
P 676 5 9 153 275 440 425 803 252 624 821 350 676
P 677 4 7 153 275 620 701 163 673 106 677
P 678 3 9 153 275 620 701 613 220 656 378 44 678
P 679 3 4 153 275 131 768 679
P 680 6 7 153 275 131 768 939 694 430 680
P 681 5 7 153 275 131 768 679 936 596 681
P 682 3 7 153 720 9 886 979 583 902 682
P 683 4 5 153 554 225 475 161 683
P 684 4 7 153 554 920 142 940 908 102 684
P 685 3 11 153 554 501 174 639 322 987 70 156 55 545 685
P 686 4 5 153 742 8 54 278 686
P 687 3 5 153 275 440 425 848 687
P 688 3 14 153 275 620 701 163 141 929 402 835 183 484 452 519 169 688
P 689 8 9 153 554 920 142 940 908 957 836 3 689
P 690 4 5 153 554 646 617 351 690
P 691 3 8 153 554 501 174 639 322 987 70 691
P 692 3 4 153 275 620 701 692
P 693 5 11 153 275 620 701 163 141 929 402 103 820 843 693
P 694 3 5 153 275 131 768 939 694
P 695 3 5 153 275 620 701 165 695
P 696 5 6 153 720 126 238 829 563 696
P 697 5 4 153 554 225 475 697
P 698 5 6 153 275 620 701 163 39 698
P 699 2 10 153 275 620 701 163 141 929 402 835 728 699
P 700 8 4 153 554 920 142 700
P 701 2 3 153 275 620 701
P 702 4 10 153 275 620 701 163 141 929 231 790 657 702
P 703 5 6 153 554 920 7 705 81 703
P 704 4 22 153 275 620 701 613 220 485 192 247 669 667 499 304 123 938 913 408 125 170 6 418 647 704
P 705 3 4 153 554 920 7 705
P 706 3 7 153 275 131 768 939 694 520 706
P 707 4 7 153 720 126 238 267 771 710 707
P 708 5 13 153 275 620 701 163 141 929 231 372 51 878 616 329 708
P 709 5 6 153 275 440 944 209 328 709
P 710 3 6 153 720 126 238 267 771 710
P 711 4 10 153 275 620 701 163 141 929 231 804 24 711
P 712 4 12 153 275 620 701 163 141 929 231 372 51 968 249 712
P 713 3 10 153 275 620 701 163 141 929 231 790 609 713
P 714 3 11 153 275 620 701 163 141 929 231 790 575 20 714
P 715 7 8 153 275 131 768 679 936 113 737 715
P 716 4 6 153 720 126 238 931 638 716
P 717 4 7 153 554 646 617 351 690 807 717
P 718 4 6 153 720 126 238 989 746 718
P 719 3 8 153 275 620 701 613 220 656 378 719
P 720 1 1 153 720
P 721 4 11 153 275 620 701 163 141 929 386 19 368 969 721
P 722 3 13 153 275 620 701 163 141 929 402 835 183 136 752 451 722
P 723 3 5 153 554 646 617 58 723
P 724 5 10 153 554 646 617 58 723 614 22 760 90 724
P 725 3 7 153 275 440 425 848 687 211 725
P 726 4 6 153 275 131 768 679 936 726
P 727 4 8 153 275 131 768 679 189 834 310 727
P 728 2 9 153 275 620 701 163 141 929 402 835 728
P 729 4 3 153 554 225 729
P 730 5 10 153 275 620 701 613 220 656 378 44 767 730
P 731 4 6 153 720 331 976 377 179 731
P 732 4 5 153 720 126 238 173 732
P 733 3 14 153 275 620 701 163 141 929 231 790 575 20 148 871 786 733
P 734 3 1 153 734
P 735 4 20 153 275 620 701 613 220 485 192 247 669 667 499 304 123 938 913 408 125 170 6 735
P 736 4 4 153 720 331 516 736
P 737 6 7 153 275 131 768 679 936 113 737
P 738 5 8 153 554 646 617 58 723 614 75 738
P 739 4 11 153 275 620 701 163 141 929 231 790 609 713 739
P 740 5 4 153 554 646 617 740
P 741 5 8 153 275 620 701 163 673 106 31 741
P 742 3 1 153 742
P 743 4 7 153 275 131 768 679 936 726 743
P 744 6 9 153 275 131 768 679 189 834 310 410 744
P 745 3 7 153 275 620 701 165 695 780 745
P 746 4 5 153 720 126 238 989 746
P 747 4 6 153 275 193 852 224 320 747
P 748 5 8 153 275 620 701 613 220 485 467 748
P 749 4 8 153 275 620 701 244 470 342 80 749
P 750 4 5 153 720 331 976 377 750
P 751 5 5 153 720 331 976 377 751
P 752 3 11 153 275 620 701 163 141 929 402 835 183 136 752
P 753 6 11 153 275 131 768 679 936 618 890 904 227 971 753
P 754 3 9 153 720 9 886 979 583 902 298 287 754
P 755 5 3 153 275 371 755
P 756 4 4 153 275 193 852 756
P 757 5 8 153 275 131 768 939 694 994 660 757
P 758 5 7 153 720 126 238 133 579 903 758
P 759 3 9 153 275 620 701 163 141 929 480 569 759
P 760 3 8 153 554 646 617 58 723 614 22 760
P 761 5 10 153 275 620 701 613 220 485 192 247 154 761
P 762 6 6 153 275 131 768 679 936 762
P 763 4 6 153 275 620 701 163 673 763
P 764 4 13 153 275 620 701 613 220 485 192 247 154 250 630 473 764
P 765 3 11 153 275 620 701 163 141 929 402 103 820 323 765
P 766 4 3 153 554 920 766
P 767 5 9 153 275 620 701 613 220 656 378 44 767
P 768 3 3 153 275 131 768
P 769 4 3 153 275 131 769
P 770 5 11 153 554 501 174 639 322 987 70 156 55 545 770
P 771 2 5 153 720 126 238 267 771
P 772 4 11 153 275 620 701 163 141 929 231 396 591 478 772
P 773 3 8 153 554 646 617 58 723 614 22 773
P 774 7 9 153 554 920 142 940 908 102 92 895 774
P 775 7 9 153 275 620 701 613 220 485 467 529 775
P 776 3 5 153 720 9 886 282 776
P 777 6 7 153 275 131 768 679 936 726 777
P 778 7 11 153 275 620 701 613 220 656 378 44 767 730 778
P 779 4 7 153 720 126 238 267 147 623 779
P 780 3 6 153 275 620 701 165 695 780
P 781 7 9 153 275 131 768 679 189 834 295 33 781
P 782 6 8 153 720 126 238 267 147 623 779 782
P 783 5 7 153 275 620 701 613 217 367 783
P 784 4 4 153 720 126 13 784
P 785 3 11 153 275 620 701 163 141 929 480 5 930 435 785
P 786 3 13 153 275 620 701 163 141 929 231 790 575 20 148 871 786
P 787 3 9 153 275 620 701 165 695 374 900 373 787
P 788 5 7 153 720 9 886 979 583 902 788
P 789 3 9 153 275 620 701 163 141 929 480 569 789
P 790 2 8 153 275 620 701 163 141 929 231 790
P 791 3 9 153 275 620 701 163 141 929 584 494 791
P 792 8 9 153 720 9 886 979 583 324 953 400 792
P 793 3 3 153 554 264 793
P 794 4 9 153 720 9 886 979 583 902 682 346 794
P 795 2 5 153 275 620 701 244 795
P 796 5 3 153 554 920 796
P 797 3 8 153 554 646 617 58 723 614 75 797
P 798 5 4 153 275 440 944 798
P 799 4 5 153 554 501 174 639 799
P 800 4 8 153 275 620 701 163 673 106 362 800
P 801 4 5 153 275 620 701 163 801
P 802 3 4 153 720 126 238 802
P 803 3 4 153 275 440 425 803
P 804 3 8 153 275 620 701 163 141 929 231 804
P 805 5 9 153 275 620 701 613 220 485 467 276 805
P 806 6 7 153 554 920 7 705 81 703 806
P 807 4 6 153 554 646 617 351 690 807
P 808 4 19 153 275 620 701 613 220 485 192 247 669 667 499 304 123 938 913 528 50 2 808
P 809 3 6 153 275 440 425 848 468 809
P 810 4 5 153 742 8 928 611 810
P 811 4 5 153 554 920 142 330 811
P 812 5 6 153 742 8 54 278 221 812
P 813 3 9 153 275 620 701 163 141 929 402 103 813
P 814 5 5 153 554 264 642 880 814
P 815 4 9 153 275 620 701 163 141 929 584 376 815
P 816 3 3 153 720 331 816
P 817 4 15 153 275 620 701 163 141 929 231 790 575 20 148 871 465 116 817
P 818 4 14 153 275 620 701 163 141 929 231 790 575 918 258 229 353 818
P 819 6 8 153 275 131 768 679 936 726 743 819
P 820 3 9 153 275 620 701 163 141 929 402 103 820
P 821 5 7 153 275 440 425 803 252 624 821
P 822 5 3 153 554 920 822
P 823 4 6 153 275 131 768 939 505 823
P 824 4 13 153 554 646 617 58 723 614 22 185 145 567 100 534 824
P 825 5 13 153 275 620 701 163 141 929 480 5 930 253 10 403 825
P 826 5 7 153 275 440 425 848 468 524 826
P 827 3 5 153 275 620 701 343 827
P 828 3 7 153 275 620 701 163 141 838 828
P 829 4 4 153 720 126 238 829
P 830 4 5 153 275 131 768 939 830
P 831 5 7 153 554 646 617 58 723 313 831
P 832 3 12 153 275 620 701 163 141 929 231 790 575 20 148 832
P 833 4 6 153 720 126 13 784 251 833
P 834 3 6 153 275 131 768 679 189 834
P 835 2 8 153 275 620 701 163 141 929 402 835
P 836 5 7 153 554 920 142 940 908 957 836
P 837 3 11 153 275 620 701 613 220 485 192 247 154 250 837
P 838 3 6 153 275 620 701 163 141 838
P 839 3 7 153 275 620 701 244 795 508 839
P 840 6 7 153 275 131 768 679 936 726 840
P 841 3 8 153 275 620 701 163 141 929 480 841
P 842 3 18 153 275 620 701 613 220 485 192 247 669 667 499 304 123 938 913 408 125 842
P 843 3 10 153 275 620 701 163 141 929 402 103 820 843
P 844 6 6 153 720 331 516 641 212 844
P 845 5 8 153 554 646 617 351 690 807 433 845
P 846 4 14 153 275 620 701 163 141 929 231 790 575 918 258 229 633 846
P 847 4 6 153 720 9 95 96 459 847
P 848 3 4 153 275 440 425 848
P 849 4 7 153 554 920 142 940 908 957 849
P 850 5 8 153 720 9 886 979 583 902 788 850
P 851 5 7 153 275 620 701 165 867 948 851
P 852 2 3 153 275 193 852
P 853 3 13 153 275 620 701 163 141 929 480 5 930 435 785 636 853
P 854 4 7 153 275 131 768 939 505 823 854
P 855 5 10 153 275 620 701 163 141 929 584 376 815 855
P 856 5 5 153 720 9 886 979 856
P 857 6 9 153 275 620 701 163 141 929 386 19 857
P 858 9 5 153 275 440 151 178 858
P 859 4 11 153 275 620 701 163 141 929 386 19 368 644 859
P 860 3 9 153 554 646 617 58 723 614 75 797 860
P 861 4 9 153 275 620 701 343 827 559 937 112 861
P 862 3 13 153 275 620 701 163 141 929 231 790 575 918 258 229 862
P 863 3 3 153 554 225 863
P 864 4 12 153 275 620 701 163 141 929 231 372 51 878 616 864
P 865 6 12 153 275 620 701 163 141 929 402 103 820 843 693 865
P 866 4 6 153 275 131 768 939 64 866
P 867 3 5 153 275 620 701 165 867
P 868 3 9 153 275 620 701 163 141 929 231 790 868
P 869 4 20 153 275 620 701 613 220 485 192 247 669 667 499 304 123 938 913 408 125 170 6 869
P 870 5 13 153 275 620 701 163 141 929 480 569 759 417 562 907 870
P 871 3 12 153 275 620 701 163 141 929 231 790 575 20 148 871
P 872 5 5 153 275 620 701 613 872
P 873 5 5 153 720 126 77 643 873
P 874 8 8 153 720 9 95 96 590 934 381 874
P 875 5 15 153 275 620 701 163 141 929 480 5 930 435 785 636 853 447 875
P 876 4 13 153 275 620 701 613 220 485 192 247 15 450 197 509 876
P 877 3 8 153 554 920 142 940 908 102 92 877
P 878 3 10 153 275 620 701 163 141 929 231 372 51 878
P 879 6 9 153 275 131 768 679 936 726 743 819 879
P 880 5 4 153 554 264 642 880
P 881 3 14 153 275 620 701 163 141 929 402 835 183 484 452 519 169 881
P 882 5 9 153 275 620 701 163 141 929 584 494 882
P 883 5 8 153 275 620 701 613 217 367 783 883
P 884 4 7 153 275 620 701 165 695 780 884
P 885 5 5 153 720 331 516 736 885
P 886 2 3 153 720 9 886
P 887 5 5 153 554 225 475 161 887
P 888 5 12 153 275 620 701 613 220 485 192 247 669 667 269 888
P 889 3 9 153 275 620 701 163 141 929 480 569 889
P 890 4 7 153 275 131 768 679 936 618 890
P 891 6 6 153 275 131 768 892 88 891
P 892 3 4 153 275 131 768 892
P 893 5 6 153 275 620 701 244 659 893
P 894 7 10 153 275 620 701 163 141 929 402 835 728 894
P 895 5 8 153 554 920 142 940 908 102 92 895
P 896 5 4 153 720 331 135 896
P 897 3 3 153 554 225 897
P 898 5 6 153 720 126 238 173 732 898
P 899 3 6 153 275 131 768 939 64 899
P 900 3 7 153 275 620 701 165 695 374 900
P 901 5 11 153 275 620 701 163 141 929 231 372 51 622 901
P 902 3 6 153 720 9 886 979 583 902
P 903 5 6 153 720 126 238 133 579 903
P 904 4 8 153 275 131 768 679 936 618 890 904
P 905 5 7 153 720 9 95 96 459 357 905
P 906 4 7 153 275 440 425 848 687 188 906
P 907 4 12 153 275 620 701 163 141 929 480 569 759 417 562 907
P 908 3 5 153 554 920 142 940 908
P 909 5 9 153 554 920 142 940 908 957 512 963 909
P 910 5 8 153 554 646 617 58 723 614 75 910
P 911 4 5 153 720 126 238 267 911
P 912 8 6 153 554 501 174 639 322 912
P 913 3 15 153 275 620 701 613 220 485 192 247 669 667 499 304 123 938 913
P 914 4 6 153 720 9 95 96 459 914
P 915 5 17 153 275 620 701 163 141 929 402 835 183 484 464 175 483 101 990 500 915
P 916 6 8 153 275 620 701 613 217 367 190 916
P 917 5 12 153 275 620 701 163 141 929 231 372 51 622 901 917
P 918 2 10 153 275 620 701 163 141 929 231 790 575 918
P 919 5 5 153 720 331 516 641 919
P 920 2 2 153 554 920
P 921 4 9 153 720 9 886 979 583 902 298 287 921
P 922 4 4 153 742 8 54 922
P 923 3 6 153 275 620 701 163 673 923
P 924 4 7 153 554 501 174 187 595 49 924
P 925 3 2 153 742 925
P 926 6 6 153 554 646 617 58 723 926
P 927 4 12 153 275 620 701 163 141 929 231 804 24 200 427 927
P 928 3 3 153 742 8 928
P 929 2 6 153 275 620 701 163 141 929
P 930 3 9 153 275 620 701 163 141 929 480 5 930
P 931 3 4 153 720 126 238 931
P 932 4 13 153 275 620 701 163 141 929 402 835 183 484 464 175 932
P 933 3 10 153 275 620 701 163 141 929 584 494 492 933
P 934 5 6 153 720 9 95 96 590 934
P 935 2 6 153 720 126 238 267 771 935
P 936 3 5 153 275 131 768 679 936
P 937 3 7 153 275 620 701 343 827 559 937
P 938 3 14 153 275 620 701 613 220 485 192 247 669 667 499 304 123 938
P 939 3 4 153 275 131 768 939
P 940 2 4 153 554 920 142 940
P 941 5 11 153 275 620 701 163 141 929 231 790 575 918 941
P 942 3 10 153 554 646 617 58 723 614 22 760 90 942
P 943 9 10 153 275 620 701 163 141 929 231 790 314 943
P 944 3 3 153 275 440 944
P 945 4 5 153 275 131 769 205 945
P 946 4 11 153 275 620 701 163 141 929 402 103 820 998 946
P 947 9 10 153 275 620 701 613 220 485 467 529 775 947
P 948 4 6 153 275 620 701 165 867 948
P 949 4 16 153 275 620 701 163 141 929 480 5 930 435 785 636 853 447 107 949
P 950 4 15 153 275 620 701 163 141 929 402 835 183 484 452 519 169 420 950
P 951 4 11 153 275 620 701 244 470 342 80 749 26 424 951
P 952 6 7 153 554 920 7 705 81 703 952
P 953 4 7 153 720 9 886 979 583 324 953
P 954 5 7 153 720 126 13 784 251 833 954
P 955 2 8 153 275 620 701 613 217 367 552 955
P 956 5 9 153 275 131 768 679 189 834 310 410 956
P 957 3 6 153 554 920 142 940 908 957
P 958 4 7 153 742 8 54 32 637 68 958
P 959 4 6 153 742 8 54 278 332 959
P 960 3 5 153 720 126 77 643 960
P 961 5 11 153 275 620 701 163 141 929 231 790 575 449 961
P 962 3 9 153 554 501 174 639 322 987 70 156 962
P 963 4 8 153 554 920 142 940 908 957 512 963
P 964 3 11 153 275 620 701 613 217 367 552 995 271 214 964
P 965 4 7 153 742 8 54 278 221 566 965
P 966 5 7 153 720 331 976 377 179 731 966
P 967 6 10 153 275 620 701 613 220 485 192 247 154 967
P 968 3 10 153 275 620 701 163 141 929 231 372 51 968
P 969 3 10 153 275 620 701 163 141 929 386 19 368 969
P 970 3 10 153 275 620 701 613 220 485 431 394 300 970
P 971 6 10 153 275 131 768 679 936 618 890 904 227 971
P 972 5 6 153 720 126 13 784 251 972
P 973 4 4 153 720 331 135 973
P 974 4 18 153 275 620 701 613 220 485 192 247 669 667 499 304 123 938 913 408 125 974
P 975 6 6 153 275 620 701 244 470 975
P 976 2 3 153 720 331 976
P 977 6 12 153 275 620 701 163 141 929 231 790 575 918 941 977
P 978 5 12 153 275 620 701 163 141 929 231 790 575 20 148 978
P 979 2 4 153 720 9 886 979
P 980 5 6 153 554 225 475 161 683 980
P 981 5 14 153 275 620 701 163 141 929 402 835 183 136 752 451 722 981
P 982 5 11 153 554 646 617 58 723 614 75 797 860 336 982
P 983 4 16 153 275 620 701 613 220 485 192 247 669 667 499 304 123 938 913 983
P 984 3 8 153 554 920 142 940 908 102 92 984
P 985 4 15 153 275 620 701 163 141 929 480 5 930 435 785 636 853 668 985
P 986 4 11 153 275 620 701 163 141 929 480 5 930 435 986
P 987 3 6 153 554 501 174 639 322 987
P 988 4 5 153 720 9 95 96 988
P 989 4 4 153 720 126 238 989
P 990 3 15 153 275 620 701 163 141 929 402 835 183 484 464 175 483 101 990
P 991 7 7 153 720 331 516 641 212 844 991
P 992 3 10 153 275 620 701 613 220 656 378 44 542 992
P 993 4 5 153 720 126 238 267 993
P 994 3 6 153 275 131 768 939 694 994
P 995 2 8 153 275 620 701 613 217 367 552 995
P 996 4 13 153 275 620 701 163 141 929 402 835 728 699 496 442 996
P 997 4 7 153 275 620 701 163 141 929 997
P 998 3 10 153 275 620 701 163 141 929 402 103 820 998
U 999
